3
3
1
3
8
2
1
33
2
4
2
3
5
3
5
1
2
3
3
1
1
4
4
1
1
3
20
10
4
2
2
19
22
6
34
2
2
3
1
2
2
4
3
6
3
28
1
12
6
7
2
25
9
3
1
2
9
21
51
17
1
3
2
1
4
4
1
2
10
2
1
4
3
2
35
3
1
13
33
1
3
54
4
1
26
22
4
11
9
55
5
1
13
32
2
9
29
5
26
1
19
5
24
25
2
4
33
5
2
12
4
27
13
31
6
19
28
8
23
30
25
13
60
3
15
7
16
5
13
5
2
1
43
20
4
16
6
14
4
5
3
13
7
6
8
6
2
5
11
5
10
27
83
20
3
5
3
15
3
3
9
1
4
45
28
9
9
3
21
8
29
8
2
17
41
5
9
6
5
16
18
5
15
16
6
9
21
5
5
14
10
18
49
2
6
24
80
17
7
39
30
20
85
45
18
18
4
3
10
12
3
4
4
3
1
4
5
9
48
12
28
52
1
4
5
13
4
38
30
5
3
8
15
39
48
3
7
25
2
1
3
7
15
12
14
13
1
8
15
42
46
19
7
10
3
6
27
24
3
18
28
1
32
6
39
66
79
21
9
14
13
18
60
7
7
11
11
9
16
10
28
6
9
7
22
4
17
14
1
9
47
11
4
20
26
2
5
69
40
29
1
29
54
4
2
14
9
17
7
1
3
9
3
20
42
50
13
6
11
51
6
2
3
14
6
19
1
4
4
7
5
45
55
2
8
4
33
6
15
49
7
4
27
28
12
27
1
20
1
24
5
30
10
1
1
4
1
12
2
3
1
71
34
1
1
1
50
28
4
5
50
40
18
5
6
11
32
44
18
1
1
32
1
10
2
10
4
42
7
44
32
2
3
15
9
88
4
78
11
16
9
3
34
21
98
2
5
5
71
29
19
29
41
19
1
16
15
28
2
31
8
34
3
52
37
3
5
50
12
37
4
2
8
26
18
24
112
55
13
88
54
10
39
44
85
88
7
3
8
6
34
49
17
47
1
24
6
13
13
67
25
21
2
15
9
18
5
5
12
40
42
159
5
21
3
3
7
19
44
21
35
3
17
12
11
2
5
1
11
23
4
10
24
25
4
11
3
6
11
38
22
5
10
9
14
7
18
18
4
16
32
41
7
35
48
36
4
13
10
8
5
11
21
33
76
7
40
44
6
75
27
75
25
37
1
69
10
16
5
14
12
4
88
35
41
11
32
10
50
74
43
3
1
6
13
56
3
26
45
4
6
59
41
31
46
26
25
24
15
56
1
4
173
14
16
8
18
12
5
14
5
57
16
146
32
107
21
21
5
26
58
4
31
23
49
87
2
2
21
7
6
7
19
8
27
31
23
106
32
6
96
19
127
21
2
5
55
1
23
28
18
1
8
61
11
7
21
51
11
21
67
18
13
20
37
3
4
24
37
40
1
20
87
112
1
5
80
15
6
8
43
10
40
40
3
1
8
21
2
31
7
5
19
22
117
1
9
227
25
5
8
21
145
65
57
2
127
9
140
2
86
1
4
163
36
11
40
5
11
8
2
52
14
13
12
14
46
28
71
4
22
17
64
13
18
23
95
14
7
54
86
48
62
5
35
4
36
13
63
127
3
1
22
82
7
35
101
5
21
104
186
32
11
46
30
28
190
91
25
26
15
34
10
68
39
40
5
5
21
41
51
24
11
43
49
15
27
7
6
27
20
9
19
71
3
2
1
1
16
16
103
2
11
13
79
10
3
31
5
10
19
5
39
20
10
4
5
25
39
5
4
1
6
21
8
26
36
48
18
42
31
27
57
32
39
5
1
5
2
102
6
17
24
61
4
7
5
83
3
1
18
5
44
18
1
11
19
11
83
36
63
2
13
2
8
24
13
2
36
42
14
33
1
10
21
51
6
6
39
11
8
13
23
18
5
21
74
80
12
14
2
2
2
42
4
6
18
23
17
30
6
172
3
47
1
48
27
8
31
12
4
3
38
2
3
16
10
16
106
50
51
5
65
4
5
7
5
84
66
12
22
2
9
31
15
11
8
20
7
15
32
20
45
1
25
158
10
69
52
1
19
38
2
31
1
41
6
78
43
5
13
3
31
5
10
12
21
2
25
4
23
3
4
2
4
6
12
10
35
6
19
5
23
71
102
7
70
2
16
7
12
12
3
73
5
156
60
76
30
5
83
2
37
11
5
3
8
8
17
4
4
18
23
18
52
41
18
17
104
49
4
13
33
68
87
89
47
2
22
1
5
40
22
1
70
17
53
18
5
88
1
31
6
8
7
22
11
18
22
17
1
8
5
2
18
7
20
9
47
125
73
2
165
10
